The edge sets of the F-free r-graphs on k vertices are:
[]
[[0, 1, 2]]
[[0, 1, 2], [0, 1, 3]]
[[0, 1, 2], [0, 3, 4]]
[[0, 1, 2], [0, 1, 3], [0, 2, 3]]
[[0, 1, 2], [0, 1, 3], [0, 1, 4]]
[[0, 1, 2], [0, 1, 3], [0, 3, 4]]
[[0, 1, 2], [0, 3, 4], [1, 2, 3]]
[[0, 1, 2], [0, 1, 3], [0, 1, 4], [0, 2, 3]]
[[0, 1, 2], [0, 1, 3], [0, 2, 4], [0, 3, 4]]
[[0, 1, 2], [0, 1, 3], [0, 3, 4], [1, 2, 3]]
[[0, 1, 2], [0, 1, 4], [0, 3, 4], [1, 2, 3]]
[[0, 1, 2], [0, 3, 4], [1, 2, 3], [1, 2, 4]]
[[0, 1, 2], [0, 1, 3], [0, 1, 4], [0, 2, 3], [2, 3, 4]]
[[0, 1, 2], [0, 1, 3], [0, 2, 3], [0, 2, 4], [0, 3, 4]]
[[0, 1, 2], [0, 1, 3], [0, 2, 4], [0, 3, 4], [1, 2, 3]]
[[0, 1, 2], [0, 1, 3], [0, 1, 4], [0, 3, 4], [1, 2, 3]]
[[0, 1, 2], [0, 1, 4], [0, 3, 4], [1, 2, 3], [2, 3, 4]]
[[0, 1, 2], [0, 1, 3], [0, 1, 4], [0, 2, 3], [0, 2, 4], [0, 3, 4]]
[[0, 1, 2], [0, 1, 3], [0, 2, 4], [0, 3, 4], [1, 2, 3], [2, 3, 4]]
[[0, 1, 2], [0, 1, 3], [0, 1, 4], [0, 2, 4], [0, 3, 4], [1, 2, 3]]
[[0, 1, 2], [0, 1, 3], [0, 1, 4], [0, 3, 4], [1, 2, 3], [2, 3, 4]]
[[0, 1, 2], [0, 1, 3], [0, 1, 4], [0, 2, 4], [0, 3, 4], [1, 2, 3], [2, 3, 4]]
