
The probability matrices for each unlabelled graph are:

[ 1.00000000000000 0.000000000000000 0.000000000000000]
[0.000000000000000  1.00000000000000 0.000000000000000]
[0.000000000000000 0.000000000000000 0.000000000000000]

[ 1.00000000000000 0.000000000000000 0.000000000000000]
[0.000000000000000 0.600000000000000 0.200000000000000]
[0.000000000000000 0.200000000000000 0.000000000000000]

[ 1.00000000000000 0.000000000000000 0.000000000000000]
[0.000000000000000 0.300000000000000 0.300000000000000]
[0.000000000000000 0.300000000000000 0.100000000000000]

[ 1.00000000000000 0.000000000000000 0.000000000000000]
[0.000000000000000 0.100000000000000 0.300000000000000]
[0.000000000000000 0.300000000000000 0.300000000000000]

[ 1.00000000000000 0.000000000000000 0.000000000000000]
[0.000000000000000 0.000000000000000 0.200000000000000]
[0.000000000000000 0.200000000000000 0.600000000000000]

